0.600000 -2.000000
-0.186286 -1.382137
0.795984 -1.194667
0.690676 -0.200227
1.689743 -0.243422
1.953455 0.181379
2.198382 0.131268
2.223267 0.253766
2.472881 0.239886
2.449622 0.362703
2.493508 0.318202
2.507890 0.379025
2.549652 0.332526
2.551580 0.394996
2.589310 0.345169
2.587939 0.376389
2.821052 0.466713
2.827106 0.452308
2.832460 0.457998
2.838142 0.452636
2.839170 0.460381
2.844369 0.454549
2.845335 0.462301
2.850293 0.456264
2.851133 0.464031
2.855912 0.457851
2.856611 0.465632
2.861239 0.459338
2.861800 0.467131
2.866293 0.460739
2.866723 0.468540
2.871092 0.462064
2.871400 0.469870
2.875655 0.463318
2.875850 0.471128
2.879999 0.464509
2.880089 0.472321
2.884138 0.465639
2.884130 0.473452
2.888086 0.466715
2.887988 0.474527
2.891857 0.467740
2.891674 0.475550
2.895460 0.468716
2.895198 0.476524
2.897053 0.473086
3.016451 0.510087
3.018150 0.502462
3.017579 0.504330
3.015627 0.504289
3.015631 0.503801
3.015183 0.503995
3.015109 0.503512
3.014824 0.503908
3.014756 0.503425
3.014474 0.503823
3.014411 0.503339
3.014132 0.503740
3.014073 0.503255
3.013798 0.503659
3.013743 0.503173
3.013471 0.503579
3.013421 0.503093
3.013152 0.503501
3.013105 0.503015
3.012840 0.503425
3.012797 0.502938
3.012535 0.503350
3.012496 0.502863
3.012237 0.503277
3.012202 0.502790
3.011946 0.503206
3.011915 0.502719
3.011662 0.503136
3.011634 0.502649
3.011384 0.503068
3.011360 0.502580
3.011112 0.503001
3.011092 0.502514
3.010847 0.502936
3.010830 0.502448
3.010588 0.502873
3.010574 0.502385
3.010335 0.502810
3.010324 0.502322
3.010088 0.502750
3.010080 0.502262
3.009846 0.502690
3.009841 0.502202
3.009610 0.502632
3.009608 0.502144
3.009380 0.502576
3.009380 0.502087
3.009154 0.502520
3.009158 0.502032
3.008934 0.502466
3.008941 0.501978
3.008720 0.502413
3.008724 0.502169
2.993544 0.498466
2.993626 0.498375
