7.866749 -5.267286

-4.410109 5.725175

-2.862019 -7.994143

-2.095334 -1.041888

-6.077549 -3.419142

-1.272256 7.753502

6.183206 3.729402

-3.064364 3.076426

-2.600611 -0.482206

1.549068 -1.616519

-5.487359 -7.641622

7.999432 -6.200135

-7.616866 8.854756

-1.190509 -3.376840

-4.338696 3.230733

-7.715709 -8.874652

-5.387768 -1.383990

6.579063 -2.276904

-2.114587 6.714612

1.583097 5.642889

-1.573063 -7.094244

9.120830 1.165015

-3.198726 -9.376752

2.857606 -2.966627

-1.684000 7.669095

7.135036 1.794681

-2.452072 9.611889

8.803982 0.027808

7.031800 8.642040

1.664949 0.221748

-2.036824 8.230460

5.635716 -3.878759

0.101103 8.449274

5.140456 -7.350606

2.818003 9.763023

-8.200450 2.040568

-1.727342 3.516366

0.470961 -3.132032

-9.715990 -0.870424

2.631873 5.007786

-6.075115 2.369276

-7.883007 9.610140

6.464565 8.544459

-6.851061 -5.523152

-2.534077 9.275964

8.858688 -0.203566

-1.979922 -7.866807

-0.835597 6.862691

-1.691010 4.921883

3.167302 -0.347067

1.811547 8.726948

-6.712277 4.315862

-2.767006 9.052879

5.715551 -8.223708

0.964241 -9.755176

-5.901499 -8.043051

-3.076269 6.251345

-1.663898 -2.685034

8.168665 7.454494

-6.880127 -3.171678

-1.284594 8.455078

-2.366619 -1.555185

9.741894 -3.209049

4.567443 5.837542

-4.591453 6.492643

-4.261248 -7.320575

-5.849785 6.422651

-9.952386 2.647507

4.465458 3.655391

9.886538 -5.601661

-3.392226 -7.445209

0.952070 9.346684

-9.931068 -3.313853

8.551654 5.226628

-4.171180 -6.947260

2.412693 -0.728847

-0.503065 -1.990662

-6.262859 9.289354

0.800428 2.284563

6.730719 5.871119

6.634057 7.271585

-7.890694 4.170429

8.609842 -6.495457

-6.128500 -2.747167

3.822293 -1.753252

5.985690 2.051314

-4.888394 1.999797

2.775329 4.414488

-0.858014 9.475593

0.348493 6.265858

-3.051584 -0.520440

-2.331944 1.547041

-0.882408 7.971019

6.749098 -1.645295

4.361119 -6.854802

-8.302547 5.498147

-9.546070 8.283598

1.244048 8.397936

6.572032 1.359677

-1.695548 -3.895969

0.547269 4.991897

-4.689908 -2.247926

-4.742005 9.364757

6.265505 3.256965

-4.781633 -0.118259

-3.688959 2.926714

-4.633900 3.765480

1.776884 -6.724575

-7.442597 -5.947539

-8.004745 -2.139007

4.583789 4.138491

-7.215786 -2.306093

-5.028619 2.133362

3.034284 -0.966681

-7.031276 8.005664

-6.497025 -2.532004

-4.932620 -2.835554

2.917751 -0.427398

7.302814 -2.701279

5.547747 -7.152646

5.632815 6.818561

8.844471 9.083695

-7.899160 -9.809766

-4.614375 -7.663890

-2.140404 -6.242685

0.645701 -0.225507

-7.567115 -9.296242

-7.247477 -7.617434

-7.102939 -3.378663

-5.061256 -3.474928

7.672809 8.730348

-5.441040 0.500029

4.104902 -5.180901

1.897509 -9.357802

5.596454 5.114085

9.581297 -8.759266

3.959156 -7.615944

-2.176324 -5.516320

7.314945 5.648563

1.566472 0.089951

-7.660756 -3.701566

8.282744 -3.552256

8.053896 0.033109

-8.331417 -2.908502

4.651031 -2.154009

6.521136 -4.518274

-9.077409 3.357655

5.341815 -1.278262

-2.366757 4.504613

-3.775790 4.867795

-3.176167 -0.308478

0.348250 5.330467

3.773595 -9.475287

-8.413114 2.733416

-7.536977 7.135434

9.742938 -7.305994

4.560927 4.329674

-1.528005 0.622211

5.969233 1.616343

8.492841 4.291131

-7.357309 -6.989651

7.469461 9.508844

9.470629 -7.573631

1.787661 0.304468

8.857063 -4.032456

-5.663510 -8.435998

1.924057 -1.435248

-3.749646 -9.032587

-6.177214 -0.994510

9.642185 0.257691

7.868242 4.587486

-9.020636 -7.386904

-1.828403 -0.948652

7.600513 -3.736274

3.880246 3.866378

1.832033 8.287422

-1.566127 3.694513

4.509686 8.568646

-4.827979 -2.178614

4.526516 -4.079325

1.286990 1.651168

-4.122245 -5.514638

4.284042 -4.387760

-7.922165 0.812873

2.619804 -6.201047

9.926929 -8.399709

8.106933 4.030331

-0.415350 9.111345

8.154357 5.419898

-8.923155 9.857879

8.533124 -2.972546

-1.477767 1.586609

8.793550 -8.652272

6.998388 -2.693966

-1.990824 1.362274

-2.770145 7.435616

-1.824088 -2.314744

4.277325 -1.879245

5.270919 -5.437977

-8.288346 -3.405552

-8.899936 -4.620931

-4.326265 0.601777

-8.221448 -1.911104

-7.594382 8.615529

-6.879229 3.662613

-8.763471 -0.741849

-6.719217 4.217076

-3.456282 -3.637014

8.671700 -6.951101

5.543616 6.386476

-6.300669 -3.291835

-0.979001 9.649786

7.874231 -8.561719

-7.336210 -2.263925

5.493172 9.168816

2.239613 -8.175345

-0.596738 -1.356426

0.315538 -1.040161

6.822111 1.305893

8.007510 2.563026

5.796413 2.048071

-7.484699 8.195141

1.328198 3.557221

5.238653 -9.147195

9.250851 -2.867575

0.743011 9.877300

-7.304784 -8.788853

9.272993 7.431883

-9.991404 -1.010431

7.331271 -6.339058

-6.659318 -9.868960

5.060359 -5.313638

-3.656623 -2.479334

-2.451831 -7.847986

-3.133872 -7.410313

3.022135 -1.285104

-0.785126 -4.996139

-4.044048 7.089964

-7.125040 4.188276

-4.152804 3.651073

-3.297188 -6.263537

-2.396918 -4.747303

-4.358564 -0.112272

0.518608 3.668854

1.967609 -7.302181

-8.584576 6.142371

-4.471271 3.378727

7.364931 -7.282226

5.060058 1.749526

7.720099 -5.844588

8.987834 -1.260775

-2.610141 5.548022

-6.682863 -4.999674

-6.905617 2.040704

-4.956111 2.293663

9.497387 -7.287078

-5.087599 -2.369636

-4.356403 -8.680077

-3.381767 5.717808

-4.244078 -9.321574

9.572993 -2.921828

2.359110 -3.819574

-1.378495 -4.159344

-1.415223 3.461378

6.150733 -2.049768

-0.692071 3.652718

6.901096 -6.212361

8.970594 -7.460816

8.362682 2.442726

-4.496976 -6.503402

3.395603 9.385972

1.520001 -0.730896

-3.664769 -7.822046

0.537402 -1.569415

7.030181 3.487161

-4.300414 7.804889

0.732117 -0.172755

-1.750720 5.264663

-5.749947 3.336949

6.254473 -0.172295

-1.903302 -9.302976

-6.674820 0.793253

2.681063 -2.970674

0.869212 3.025258

-9.931760 -0.054993

5.819697 1.437203

-9.557648 3.903741

-6.213826 4.553216

-1.999963 -1.353128

2.104666 1.525204

7.379079 -1.564066

4.601120 -2.561968

7.489853 9.996445

-5.776495 -7.169415

-6.724496 2.055617

-2.346618 7.206746

-5.630248 7.795921

9.363442 1.482740

-6.881799 5.300705

8.538597 7.203803

8.053478 -6.924928

2.136517 -1.070549

8.120035 -5.151287

6.540159 -4.057003

8.429395 1.615937

1.199781 -7.928990

6.248924 -8.692554

-3.754611 8.622210

9.574049 -9.595653

8.770497 -6.617961

-8.266077 9.412665

-6.001768 -3.806206

7.248956 2.331002

-1.214683 3.592264

-0.968885 -3.322359

-4.351640 -3.682952

-2.942337 -5.238330

-6.727510 5.333672

-9.777851 -5.314311

-9.948068 6.264738

3.291823 -0.152632

4.517121 -2.126243

-1.622079 -0.949410

-8.175861 5.096132

7.649645 -3.054904

3.311750 3.687340

1.735600 -0.595536

-3.243918 5.380402

6.171795 -5.571790

2.363508 -3.319903

-2.735264 -6.654534

-0.283295 2.876685

0.475593 -5.850060

8.113947 -8.961440

4.204332 3.783050

-5.449236 -3.409548

1.298773 2.730910

-6.627485 -6.466074

4.239904 4.476251

4.387147 1.223844

-8.907288 -7.999918

-0.814906 -0.082509

-9.070312 7.187309

6.296249 -3.265866

-5.785588 9.284839

-2.825357 7.284066

-8.392737 -7.398149

-6.723125 -7.284295

-3.416314 5.526996

0.239631 -2.362812

-8.488477 8.757687

7.441100 4.398490

3.671134 2.145794

-2.739179 8.428997

-0.883280 -9.959240

5.335209 4.561130

-6.854315 -5.375337

9.812591 -8.148875

6.440796 -8.381515

-3.095530 -6.130177

-3.250176 2.358591

5.354797 9.159486

1.875814 -9.150561

9.942507 -5.354333

-7.693519 2.079103

-7.050647 -8.887034

-7.571467 7.369209

1.723316 -6.061067

0.194117 -0.386587

2.038447 -0.017517

-4.374864 5.651229

7.507583 -4.489022

-7.316088 9.727620

9.428313 2.620307

0.159394 -4.266776

4.321412 -4.856045

0.041110 5.424307

4.088442 -1.340194

-1.761499 6.355710

8.378663 6.041088

7.428175 -7.923181

4.165177 -7.429343

-5.345570 1.427997

-4.280393 -6.645631

-9.651455 7.713823

8.807308 -2.966775

4.967922 -7.373113

-5.641406 -1.044633

0.637906 -4.295926

-6.043770 6.217244

-0.004397 -4.783989

-8.323709 -2.169234

8.764993 9.877699

-7.891894 7.994176

-7.220250 4.533888

5.030724 -5.842108

-6.001503 9.257212

6.617217 3.489087

9.832385 -5.311086

8.818090 1.658752

